{
"d=1":{"MF":[-13.57261849267,0.05025332599623212], "Jaw":[-13.65766797751,0.01178289138531285],"RBM alpha=1":[-13.67951359943,1.091906478161685e-05],"RBM alpha=4":[-13.67948174906,6.228278134573494e-06],"RBM alpha=8":[-13.67949213886,4.86244272178061e-06]},
"d=2":{"MF":[-13.59445631884,0.05134030788920143], "Jaw":[-13.66375680328,0.01021553189643521],"RBM alpha=1":[-13.70631512358,2.746815596598838e-05],"RBM alpha=4":[-13.70630548755,2.526716847801047e-05],"RBM alpha=8":[-13.70628898832,8.08344155920272e-06]},
"d=3":{"MF":[-13.60533525709,0.05293146891657925], "Jaw":[-13.68453228480,0.01746642735705047],"RBM alpha=1":[-13.72504385678,3.851974438469506e-06],"RBM alpha=4":[-13.72508904350,1.185558266658444e-05],"RBM alpha=8":[-13.72507035212,7.37228910001508e-06]},
"d=4":{"MF":[-13.64473060204,0.05123704906724936], "Jaw":[-13.72985667827,0.01388652839550717],"RBM alpha=1":[-13.76021609765,5.669733229162084e-06],"RBM alpha=4":[-13.76029081906,8.017513401266863e-06],"RBM alpha=8":[-13.76034649875,7.81275671214286e-06]},
"d=5":{"MF":[-13.64734137548,0.05123871134010639], "Jaw":[-13.72815484347,0.01431587606901210],"RBM alpha=1":[-13.76045342550,8.970021345612427e-06],"RBM alpha=4":[-13.76047458753,9.625985859902801e-06],"RBM alpha=8":[-13.76048927445,6.10964065614419e-06]},
"no circuit":{"MF":[-13.008194568181457,0.01719120031005232],"Jaw":[-13.49367924798546,0.010280054709997795],"RBM alpha=1":[-13.760569263693336,5.6834088429306505e-05]},
"exact":-13.760570702777517}